      0/99     1.88G    0.0856   0.02984    0.0255    0.1409        27       640    0.0116   0.04543  0.005598 0.0009544   0.07827   0.01627   0.02225
      1/99     3.01G   0.07961   0.02838   0.02408    0.1321        35       640  0.005445    0.1733  0.002663 0.0003986   0.07589   0.01559   0.02168
      2/99     3.01G   0.07771   0.02807   0.02335    0.1291        39       640   0.07922   0.07117   0.03427  0.006235   0.07264   0.01567    0.0212
      3/99     3.01G   0.07669    0.0279   0.02153    0.1261        27       640    0.6794    0.1661    0.1287   0.03155   0.06943   0.01646   0.02091
      4/99     3.01G   0.07173   0.02917    0.0221     0.123        36       640    0.1838    0.2521   0.06045   0.01729   0.07084   0.01526   0.01953
      5/99     3.01G   0.06824   0.02937   0.01947    0.1171        33       640    0.1416    0.4259   0.06944   0.01676   0.08042   0.02173   0.03771
      6/99     3.01G   0.06651   0.03015   0.01835     0.115        34       640   0.05872    0.2952   0.04794  0.009639   0.05956   0.02075   0.01131
      7/99     3.01G   0.06264   0.02927   0.01409     0.106        35       640    0.0633    0.4944   0.04228  0.009773   0.07138   0.01751    0.0604
      8/99     3.01G   0.05692   0.02881   0.01301   0.09874        45       640    0.2478    0.3305    0.2192   0.05894   0.05101   0.01455   0.01066
      9/99     3.01G   0.05644    0.0295   0.01196    0.0979        30       640    0.2877    0.4586    0.2737   0.09139   0.05402   0.01428   0.01197
     10/99     3.01G   0.05366   0.02816   0.01084   0.09266        27       640    0.3147    0.4028    0.3325    0.1012   0.04903   0.01446  0.005817
     11/99     3.01G   0.05463   0.02833   0.01154    0.0945        32       640     0.522    0.2759    0.3512    0.1216   0.04732   0.01319   0.00613
     12/99     3.01G   0.05083   0.02727   0.01123   0.08934        43       640    0.4057    0.5643    0.4009    0.1171   0.05051   0.01295  0.006703
     13/99     3.01G   0.04981   0.02683  0.009053    0.0857        35       640    0.4223    0.6101    0.4755    0.1642   0.04783   0.01303  0.005724
     14/99     3.01G   0.05008   0.02639  0.009539   0.08602        41       640    0.2504    0.4812    0.2529    0.0792   0.05497   0.01324   0.03222
     15/99     3.01G   0.04855   0.02596  0.008786    0.0833        38       640    0.4341    0.7497    0.5244    0.2015   0.04404   0.01319  0.002657
     16/99     3.01G    0.0472    0.0253  0.008868   0.08137        29       640    0.6299    0.6748    0.6591    0.2746   0.04563   0.01339  0.002248
     17/99     3.01G   0.04566   0.02543  0.009973   0.08106        34       640    0.4835    0.2983    0.2752   0.08845   0.07746   0.01297    0.0284
     18/99     3.01G   0.04725   0.02522  0.008516   0.08098        29       640    0.3824    0.4949    0.4186    0.1641   0.04292   0.01326   0.01075
     19/99     3.01G   0.04571   0.02457    0.0084   0.07868        36       640    0.4594    0.7245    0.5243     0.218   0.04306   0.01216  0.002997
     20/99     3.01G   0.04546   0.02501  0.008029   0.07849        38       640    0.5877    0.7332    0.6202    0.2386   0.04343   0.01187  0.002164
     21/99     3.01G   0.04415   0.02428  0.007882   0.07631        43       640    0.4854    0.6359    0.5255    0.1885   0.04455   0.01241  0.005233
     22/99     3.01G   0.04284   0.02398  0.006764   0.07358        34       640    0.5899    0.7633     0.653    0.2894   0.04055   0.01204  0.002541
     23/99     3.01G    0.0431   0.02384  0.007378   0.07432        41       640    0.6501    0.7509    0.7094    0.3234   0.04035   0.01206  0.002286
     24/99     3.01G   0.04203   0.02407  0.006466   0.07256        25       640    0.6359    0.7341    0.7011    0.2997   0.04007   0.01176  0.002036
     25/99     3.01G   0.04265   0.02418  0.007713   0.07454        22       640    0.6492    0.6478    0.6677     0.301   0.04003   0.01143  0.003887
     26/99     3.01G    0.0413   0.02385  0.008279   0.07343        29       640    0.5066    0.7673    0.6198    0.2849   0.03886   0.01201  0.002681
     27/99     3.01G   0.04225   0.02335  0.007351   0.07295        33       640    0.6467     0.738    0.6948    0.3079   0.04019   0.01145  0.002361
     28/99     3.01G   0.04194   0.02329    0.0081   0.07333        34       640    0.5812    0.6661    0.6088    0.2152    0.0446   0.01145  0.003108
     29/99     3.01G   0.04108   0.02342  0.006302    0.0708        40       640    0.5986    0.7565    0.7046    0.3265   0.03976   0.01172  0.001756
     30/99     3.01G   0.04132   0.02286  0.006886   0.07107        44       640     0.593    0.7863    0.6893     0.326   0.03963    0.0119  0.002239
     31/99     3.01G   0.03977   0.02268  0.006719   0.06917        42       640    0.7213    0.6902      0.74    0.3687   0.03905   0.01183   0.00184
     32/99     3.01G    0.0401   0.02242  0.006155   0.06868        28       640    0.6668    0.7358    0.6823    0.3144   0.04023   0.01171  0.004332
     33/99     3.01G   0.04026   0.02242  0.005397   0.06807        41       640    0.6901    0.7236    0.7481    0.3643   0.03719   0.01126  0.001831
     34/99     3.01G   0.03971     0.023  0.005619   0.06832        39       640    0.7007    0.7478    0.7694    0.3782   0.03814   0.01126  0.001827
     35/99     3.01G   0.03883   0.02321   0.00595   0.06799        39       640    0.7077    0.7826    0.7604    0.3369   0.04007    0.0108  0.002247
     36/99     3.01G   0.03891   0.02265  0.006857   0.06842        33       640    0.6246    0.7674    0.7305    0.3505   0.03869   0.01094  0.002711
     37/99     3.01G    0.0387   0.02204  0.006184   0.06693        25       640    0.6634    0.7666    0.7558    0.3811   0.03839   0.01162   0.00156
     38/99     3.01G   0.03937   0.02223  0.005425   0.06702        41       640    0.6401    0.6669    0.6981    0.3274   0.03945   0.01161  0.001998
     39/99     3.01G   0.03918   0.02225  0.005849   0.06728        46       640    0.7199    0.7272    0.7654    0.3484   0.04051    0.0109  0.002038
     40/99     3.01G   0.03896   0.02219  0.005842   0.06699        28       640    0.6504    0.7655     0.745    0.3424   0.03862    0.0109  0.002275
     41/99     3.01G   0.03879   0.02213  0.006834   0.06775        24       640    0.7317    0.6788    0.7387    0.3581   0.03714   0.01104  0.002176
     42/99     3.01G   0.03834    0.0221  0.006242   0.06668        36       640    0.6902    0.6566    0.6862    0.3167   0.04021   0.01082  0.002873
     43/99     3.01G   0.03874   0.02246  0.006034   0.06724        31       640    0.6632    0.7255    0.7335    0.3614   0.03768   0.01115  0.001666
     44/99     3.01G   0.03833   0.02185  0.005566   0.06575        35       640    0.6651    0.7634     0.761    0.3523    0.0393   0.01093   0.00169
     45/99     3.01G   0.03778     0.022  0.005779   0.06556        49       640    0.6395    0.8102    0.7826    0.3845   0.03745   0.01071  0.001463
     46/99     3.01G   0.03776   0.02217  0.004735   0.06467        39       640    0.6544    0.7887     0.771    0.3836   0.03817   0.01067  0.001579
     47/99     3.01G    0.0371   0.02157  0.004942   0.06361        33       640    0.7579    0.6846    0.7682    0.3939   0.03593   0.01069  0.002779
     48/99     3.01G   0.03688   0.02172  0.005576   0.06417        40       640    0.7131    0.7542    0.7877    0.4028   0.03746   0.01053  0.003304
     49/99     3.01G   0.03737   0.02148  0.004847    0.0637        36       640    0.6898    0.7319    0.7622    0.3764    0.0358   0.01073  0.001319
     50/99     3.01G   0.03777   0.02146  0.005402   0.06464        45       640     0.721     0.785    0.7927    0.3937   0.03711   0.01041  0.001575
     51/99     3.01G   0.03737   0.02141  0.004841   0.06362        27       640    0.6346    0.7764    0.7348    0.3826   0.03639   0.01045  0.002496
     52/99     3.01G   0.03765    0.0212  0.005788   0.06464        32       640    0.7457    0.7693    0.8033    0.4269   0.03595   0.01056   0.00265
     53/99     3.01G   0.03816   0.02154  0.005298     0.065        41       640     0.711    0.7683    0.7997    0.4041   0.03691   0.01054   0.00191
     54/99     3.01G   0.03547   0.02113  0.005239   0.06184        35       640    0.7619    0.7056    0.7725     0.396   0.03575   0.01089  0.001615
     55/99     3.01G   0.03553   0.02121  0.005185   0.06193        42       640    0.8213    0.6959    0.8118    0.4466   0.03598   0.01082   0.00151
     56/99     3.01G   0.03614   0.02115  0.004981   0.06227        40       640    0.6805    0.7685    0.7496    0.3646   0.03933    0.0104  0.002653
     57/99     3.01G    0.0359   0.02122  0.004778    0.0619        31       640    0.7318    0.7652    0.8105    0.4501    0.0355   0.01041  0.001364
     58/99     3.01G   0.03595   0.02104  0.005208    0.0622        40       640    0.7171     0.692    0.7554    0.3844   0.03668   0.01047  0.001695
     59/99     3.01G   0.03557   0.02096  0.004695   0.06122        29       640     0.628    0.8075    0.7618    0.3899   0.03808   0.01078  0.001471
     60/99     3.01G    0.0342   0.02069   0.00507   0.05997        31       640    0.7273    0.7844    0.7949    0.3977   0.03709    0.0103  0.001817
     61/99     3.01G   0.03477   0.02109  0.004887   0.06075        41       640    0.7326    0.7567    0.7794    0.4145   0.03581   0.01011  0.001997
     62/99     3.01G   0.03502   0.02091  0.005153   0.06109        41       640    0.7517     0.737    0.7992    0.4362   0.03576   0.01038  0.001663
     63/99     3.01G   0.03623   0.02067  0.005115   0.06201        34       640    0.7527    0.7962    0.8178    0.4338   0.03676  0.009815  0.001479
     64/99     3.01G   0.03523   0.02036  0.004038   0.05962        34       640    0.7702    0.7504    0.7863    0.4147   0.03619   0.01012  0.001474
     65/99     3.01G   0.03508   0.02067  0.004186   0.05994        31       640    0.7398     0.725    0.7922    0.4015   0.03635   0.01029  0.001445
     66/99     3.01G   0.03441   0.02061  0.003874    0.0589        28       640    0.7636    0.7423    0.7915    0.4289   0.03561   0.01005  0.001669
     67/99     3.01G   0.03372   0.02077  0.004994   0.05949        35       640    0.7501    0.7324    0.7829    0.4163   0.03482   0.01035  0.001507
     68/99     3.01G   0.03455   0.02048  0.005814   0.06084        28       640    0.7279    0.7487    0.7851    0.4018   0.03489   0.01048  0.001607
     69/99     3.01G   0.03353   0.02039  0.003781   0.05771        38       640    0.7979    0.7287    0.8133    0.4183   0.03666   0.01014  0.001324
